537	451	545	481	440	452	
554	471	564	504	464	479	
532	441	545	478	441	458	
517	421	534	456	423	445	
507	412	527	447	416	438	
508	415	527	448	416	438	
490	396	502	416	380	400	
508	437	529	450	415	432	
521	457	542	467	432	450	
530	474	549	480	444	460	
526	467	545	474	442	456	
520	476	539	478	459	476	
487	447	511	445	425	438	
478	446	506	448	421	434	
434	415	470	415	388	395	
391	373	439	378	365	376	
393	365	412	346	364	378	
437	397	415	347	362	396	
405	383	394	308	337	355	
386	375	365	279	294	308	
337	345	300	62	278	320	
330	333	221	49	255	316	
351	338	40	36	203	358	
372	325	34	32	175	377	
368	313	34	32	144	356	
347	286	32	31	139	366	
319	292	32	31	115	360	
318	293	32	31	87	361	
294	284	32	31	65	351	
262	274	31	31	56	345	
276	283	32	31	52	356	
277	280	32	31	52	348	
278	279	32	31	51	348	
278	279	32	31	50	344	
293	269	32	31	47	331	
281	266	32	31	44	303	
274	268	32	31	44	301	
286	276	32	31	43	293	
252	298	32	31	43	334	
267	311	32	31	42	347	
292	326	33	31	41	362	
301	332	33	31	41	360	
305	338	32	31	41	374	
351	366	33	31	43	434	
350	365	33	31	42	434	
362	359	33	32	41	437	
383	366	34	32	41	453	
370	353	33	31	40	443	
394	365	34	32	41	476	
372	343	34	32	40	457	
343	331	34	32	40	449	
332	306	34	31	39	424	
304	293	33	31	40	433	
305	286	33	31	39	421	
267	247	32	31	40	387	
379	351	34	32	39	455	
361	295	34	31	37	362	
421	359	34	32	38	413	
362	312	34	31	38	373	
377	365	33	31	45	409	
402	382	33	32	45	414	
398	379	33	32	43	404	
406	386	34	32	43	413	
413	419	35	32	39	431	
427	403	35	32	39	437	
404	369	34	31	39	418	
419	374	34	31	39	421	
396	347	34	32	39	423	
384	360	34	31	39	417	
369	347	34	31	38	393	
391	367	35	31	37	398	
395	320	38	31	33	377	
405	327	38	31	33	371	
410	338	38	31	33	373	
372	351	37	31	34	368	
364	339	36	31	34	364	
358	277	33	31	39	357	
364	282	33	31	39	352	
355	272	33	31	39	337	
364	282	33	31	39	351	
377	293	33	31	38	355	
433	324	34	31	36	328	
457	347	35	31	36	340	
451	334	35	31	36	369	
455	328	35	31	37	297	
464	335	35	32	38	341	
479	358	35	32	38	351	
471	355	37	31	36	364	
462	400	46	31	32	376	
459	402	44	31	33	375	
467	417	43	31	33	401	
473	426	42	31	34	414	
480	434	40	32	34	410	
468	419	39	32	35	396	
473	413	37	31	36	409	
469	403	35	31	37	407	
489	424	36	32	37	434	
521	468	40	32	36	463	
529	481	42	32	35	478	
519	468	42	32	35	459	
509	458	40	32	35	450	
495	445	41	31	34	425	
491	442	41	31	34	423	
452	409	41	31	34	414	
419	413	41	31	34	418	
425	408	41	31	34	415	
424	408	41	31	34	422	
432	417	43	31	34	437	
437	424	45	31	34	444	
443	419	44	31	33	431	
419	401	42	31	34	418	
432	407	41	31	34	425	
408	375	41	31	34	381	
414	380	42	31	34	374	
425	391	42	31	34	383	
430	422	48	31	32	363	
413	412	46	31	32	342	
406	409	45	31	32	349	
444	446	45	32	33	403	
460	469	46	32	33	422	
468	478	48	32	34	452	
461	468	49	32	33	423	
468	472	50	32	33	444	
471	469	48	32	33	444	
464	443	46	32	33	425	
498	456	45	32	33	436	
491	458	50	32	33	442	
482	451	52	32	33	423	
473	439	48	32	33	386	
478	444	45	32	33	373	
469	453	42	32	33	411	
485	467	40	32	34	433	
493	475	41	32	34	446	
515	478	43	32	34	460	
540	495	44	33	35	480	
534	481	45	33	35	479	
535	487	55	32	34	452	
548	502	55	32	34	466	
547	511	47	33	35	487	
542	512	45	33	36	514	
545	524	47	33	35	520	
541	525	46	33	36	536	
532	523	46	33	36	559	
550	516	56	33	35	521	
541	524	67	33	35	519	
536	519	51	33	36	529	
541	524	45	33	36	520	
530	531	47	33	36	509	
530	531	47	33	35	517	
528	532	48	33	36	529	
541	533	199	33	35	498	
536	534	186	33	35	503	
543	539	66	34	35	510	
537	536	54	33	35	517	
555	532	55	33	35	516	
542	541	219	33	35	502	
544	544	198	33	35	505	
552	552	418	33	34	514	
552	554	407	34	34	518	
536	553	404	34	34	522	
535	556	371	34	34	529	
565	543	369	33	34	540	
564	538	390	34	34	541	
557	539	344	33	35	535	
565	535	313	33	35	551	
567	515	494	33	34	487	
569	516	485	33	34	493	
569	516	408	33	34	514	
542	519	318	33	34	514	
552	526	303	34	34	529	
540	514	253	33	34	525	
548	521	358	33	34	524	
573	532	441	34	34	519	
577	538	439	34	34	529	
580	532	396	34	34	531	
575	533	348	34	34	538	
581	525	328	34	35	543	
571	523	159	34	35	562	
577	530	182	34	35	565	
565	518	251	34	35	561	
582	536	326	34	35	553	
603	544	406	34	35	547	
590	548	247	34	35	559	
584	544	252	34	35	554	
593	540	273	34	35	548	
606	547	423	34	34	532	
612	548	395	34	35	541	
608	545	364	34	35	546	
590	559	302	34	35	553	
576	562	259	34	35	562	
595	542	53	34	35	571	
599	543	50	34	35	576	
609	542	43	34	37	581	
605	531	44	34	37	596	
591	543	48	34	36	574	
616	552	46	34	36	581	
618	549	46	34	36	588	
606	546	46	34	36	577	
611	551	44	34	37	587	
620	553	44	34	37	594	
612	542	46	34	36	589	
593	546	43	34	36	581	
577	535	41	34	35	586	
596	536	45	34	35	579	
579	553	548	38	35	577	
586	559	622	566	400	598	
592	554	620	576	492	607	
588	551	618	577	515	608	
592	565	614	559	570	609	
597	565	617	566	570	605	
594	559	611	555	555	581	
593	557	607	547	547	570	
593	556	605	545	543	565	
593	556	605	544	543	564	
594	557	605	544	543	564	
593	556	605	543	542	562	
594	557	605	544	542	563	
593	556	604	543	541	561	
593	557	605	543	542	562	
594	556	605	543	541	562	
